4786
4789
4792
4795
890
4798
4801
4804
4807
4810
4813
4816
4819
4822
4825
4828
4831
4834
4837
4840
4843
4846
4849
4852
4855
4858
4861
4864
944
4867
4870
894
953
4873
4876
4879
4882
4885
4888
4891
4894
896
4897
4900
4903
4906
4909
4912
4915
4918
4921
4924
4927
4930
953
4933
4936
4939
4942
4945
4948
4951
4954
4957
899
4960
4963
4966
1000
4969
4972
990
4975
4978
4981
4984
4987
4990
4993
4996
4999
5002
5005
5008
5011
5014
5017
5020
5023
5026
5029
5032
5035
5038
5041
5044
5047
5050
5053
5056
5059
5062
5065
5068
5071
5074
5077
5080
5083
5086
5089
5092
5095
5098
5101
5104
5107
5110
5113
5116
5119
5122
5125
5128
5131
5134
5137
5140
1059
1132
5143
5146
5149
5152
5155
5158
5161
5164
5167
5170
5173
5176
5179
5182
5185
5188
5191
5194
5197
5200
5203
5206
5209
5212
5215
5218
5221
5224
1
5227
5230
5233
5236
5239
115
1132
5242
5245
5248
5251
5254
5257
5260
5263
5266
5269
5272
5275
5278
5281
5284
5287
5290
5293
5296
5299
5302
5305
5308
5311
5314
5317
5320
910
5323
5326
5329
5332
5335
5338
5341
5344
5347
5350
5353
5356
5359
5362
5365
5368
1863
1869
5371
5374
5377
5380
5383
5386
5389
5392
5395
5398
5401
5404
5407
5410
5413
5416
5419
5422
5425
5428
5431
5434
5437
5440
5443
5446
5449
5452
5455
5458
5461
5464
5467
5470
1023
5473
5476
5479
5482
5485
5488
5491
5494
903
5497
5500
5503
5506
5509
5512
5515
5518
5521
5524
5527
5530
5533
5536
5539
5542
5545
5548
5551
5554
5557
5560
5563
5566
5569
5572
5575
5578
5581
5584
5587
5590
5593
5596
5599
5602
5605
2488
2504
5608
5611
5614
5617
5620
5623
5626
5629
1640
5632
5635
5638
5641
922
5644
5647
5650
5653
5656
5659
5662
5665
5668
5671
5674
889
1241
1448
1547
2688
2696
2744
2769
2971
3170
3289
3393
5677
5680
5683
5686
5689
5692
5695
1046
5698
5701
5704
5707
5710
5713
5716
5719
5722
5725
98
915
934
1008
1648
5728
5731
5734
5737
5740
5743
5746
5749
5752
5755
5758
5761
5764
5767
5770
5773
5776
5779
5782
5785
5788
5791
5794
5797
5800
5803
5806
5809
5812
5815
5818
5821
5824
5827
5830
5833
5836
5839
5842
5845
5848
5851
5854
5857
5860
5863
5866
5869
5872
5875
5878
5881
5884
5887
5890
941
5893
5896
5899
5902
5905
5908
